1390-2-10-17-27
0 0.0 1 0 0 1127859 0
1 0.987093511767 0 76680 76680 1127859 0
2 0.470430241158 0 204480 127800 1127859 0
3 0.992862661765 0 856920 652440 1127859 0
4 0.156307972304 1 978960 326520 928852 2
5 0.0724791458495 0 4918380 4918380 930846 4
6 0.0885983245685 0 6402360 505020 928852 2
7 0.378657096802 0 3600 3600 1141599 6
8 0.495170264627 0 7740 7740 163323 7
9 0.389704502402 1 15900 4560 1141599 6
10 0.914265053611 0 5280 720 1141618 8
11 0.36085366711 1 10080 9360 1141631 9
12 0.982368434299 0 22800 420 163323 7
13 0.984480676661 0 11220 720 1141631 9
14 0.564141843111 0 39180 23400 1141618 8
15 0.591519164084 0 65100 31200 943361 10
16 0.0797035311061 0 5508060 2940 930846 4
17 0.0607421072956 0 37320 3180 943445 14
18 0.995993288589 0 1020 1020 163388 17
19 0.203122984452 0 62760 1020 163358 13
20 0.959099135511 0 78660 120 1141618 8
21 0.123702130379 1 5940 600 163378 16
22 0.392093686244 1 41460 1380 943445 14
23 0.974736650878 1 360 360 943508 22
24 0.906438726921 0 2640 180 1141752 19
25 0.292990700402 0 9540 1680 163378 16
26 1.0 0 6060 2460 163395 21
27 0.560171994898 1 46680 540 943445 14
28 0.363106453369 0 7500 7500 943549 27
29 0.479911527768 1 10260 2760 943549 27
30 0.399151095104 0 82920 1440 1141659 11
31 0.890102113898 0 1560 120 943593 29
32 0.369009480125 0 840 720 943601 30
33 0.60312599788 0 3120 840 943593 29
34 0.0829366372644 0 70560 10500 943445 14
35 0.384289580604 1 98640 3540 1141659 11
36 0.956617298355 0 13740 13740 1141838 35
37 0.281181708172 0 121140 33300 943445 14
38 0.150292581207 1 88440 5640 943491 18
39 0.171333506405 0 90120 5340 163402 24
40 0.110016008468 1 105480 4560 1141744 15
41 0.130753783004 0 138300 1620 943445 14
42 0.796285456364 0 3840 3840 1141930 41
43 0.214344469807 0 142680 540 943445 14
44 0.145857267093 0 660 120 163537 42
45 0.323688745143 1 6540 420 1141920 40
46 0.910814120195 0 1020 1020 1141958 45
47 0.906237740633 0 3840 1740 163537 42
48 0.111668199308 0 156780 10800 943445 14
49 0.253802811219 0 178260 21480 943445 14
50 0.290574228655 1 87720 30600 1141863 37
51 0.297161158894 1 211440 2580 943445 14
52 0.398284351625 1 170640 2880 943523 25
53 0.203683254048 0 84600 13500 1141958 45
54 0.285172481888 1 85680 1080 1141958 45
55 0.400755915976 0 3240 2160 944099 53
56 0.378339866977 0 195540 5940 943508 22
57 0.996982051074 0 16920 16920 1142151 56
58 1.0 0 6360 6360 163680 57
59 0.21322627726 1 51540 5580 944027 52
60 0.212006964542 0 295440 29580 943445 14
61 0.347546502198 1 175680 1380 1141863 37
62 0.98131148802 0 3120 1740 163703 60
63 0.163304426097 0 85380 1140 944027 52
64 0.996127640048 0 1920 1920 163711 63
65 1.0 0 11400 5220 163703 60
66 0.191543704891 0 330600 360 163358 13
67 0.274326094582 0 256200 9060 1141806 33
68 0.389586803037 0 260760 1440 943593 29
69 0.853850270934 0 180 180 163749 68
70 0.990005323332 0 4860 4680 163749 68
71 0.163253937793 0 345240 64680 163402 24
72 0.948908802347 0 69840 300 163749 68
73 0.290383761567 1 184080 27600 1142140 55
74 0.188906881194 0 172020 -28800 944027 52
75 0.257212114998 0 415380 29040 943445 14
76 0.886350418964 0 3840 3840 1142425 75
77 0.992995858405 1 960 960 944561 76
78 0.99924839395 0 840 840 944569 77
79 1.0 0 1260 1260 163832 78
80 0.202427876697 0 159180 2760 944236 59
81 0.730758466524 0 1980 1980 163844 80
82 0.997494860502 0 3900 1920 163844 80
83 1.0 1 540 540 944641 82
84 0.168265239707 0 11280 6840 163844 80
85 0.340632581178 0 296940 3840 1141958 45
86 0.655303276816 0 1620 1620 944687 85
87 0.186643106159 1 11640 6180 1142498 84
88 0.215726734194 0 432180 58320 1141838 35
89 0.299054368099 0 297780 2940 944012 51
90 0.568915139891 1 75120 7680 1142518 86
91 0.336861711182 0 70560 1620 1142560 87
92 0.714297377361 1 71580 1020 1142560 87
93 0.25213548808 0 478080 540 163402 24
94 0.184485062006 0 480900 4500 943523 25
95 0.505831233099 1 5220 5220 1142606 94
96 0.168744838303 1 158580 68940 944687 85
97 0.187193554312 0 547080 6720 943601 30
98 0.249527048039 0 342900 3300 944236 59
99 0.0936148373578 1 198300 4680 1142358 73
100 0.268396604282 0 3600 3600 1142886 99
101 0.543713267968 0 1680 1680 164084 100
102 0.555122703684 0 2280 2280 945194 101
103 0.252490877819 0 459900 53220 944027 52
104 0.396984732239 1 467640 7740 944027 52
105 0.0735895411122 0 565740 4920 1141863 37
106 0.301883670094 0 181560 14760 1142686 93
107 0.769284711411 0 4200 4200 945427 106
108 0.187329503707 1 572700 9660 1141942 44
109 0.417284970359 1 86100 52560 945305 104
110 0.153400348774 0 352680 5640 163832 78
111 0.174050446316 1 279900 26280 1142686 93
112 0.448668140797 0 111900 27420 1143118 108
113 0.378830982388 1 333540 23040 1142667 90
114 0.30690506161 1 552180 8940 944303 66
115 0.128070121874 1 233160 79620 1143086 107
116 0.198650587788 1 986700 24300 163358 13
117 0.0732333397911 0 814740 65760 944027 52
118 1.0 0 3420 3420 164503 117
119 0.12226650478 1 977160 3060 943601 30
120 0.966460498984 0 2880 2880 946079 119
121 0.938342413214 0 4680 1800 946079 119
122 0.0912957411532 0 330120 5400 1143118 108
123 0.323001255041 1 972840 48360 1141863 37
124 0.261438725541 0 680400 11460 163844 80
125 0.228671460884 0 343320 5940 945578 109
126 0.371869858854 0 594540 1680 163958 91
127 0.997047857832 0 30480 22860 1143634 124
128 0.132977545687 1 1155060 162360 1141958 45
129 1.0 0 2280 2280 1144106 128
130 0.222483872096 0 4080 1800 1144106 128
131 0.641039297739 0 1126140 333000 1142618 89
132 0.96949633445 0 1500 1500 947514 131
133 0.985583475537 1 1620 120 947514 131
134 0.982129566176 0 780 780 947529 133
135 0.194272015742 1 13380 10980 947514 131
136 0.990965592881 0 120 120 947598 135
137 0.998943632523 0 3900 3900 165279 136
138 0.99671330269 0 5160 1140 947598 135
139 0.265332360829 0 13080 13080 1144720 138
140 0.340688654485 0 1281180 33420 944561 76
141 0.925242564986 0 13980 13980 1144804 140
142 0.267085607072 1 859440 4440 945806 114
143 0.18792091465 0 1470000 166320 1142358 73
144 0.992293488903 0 7680 7680 165550 143
145 0.148050100315 0 1198620 21300 1143118 108
146 0.259887000084 1 1447980 333840 1143280 111
147 0.196395280832 1 2019540 87840 944346 67
148 0.917052259961 1 100500 12660 1145553 146
149 0.950964670501 0 18300 18300 1145808 148
150 0.330868990138 0 1817040 69000 945194 101
151 0.199949476044 1 1828560 1560 1142866 98
152 0.995074370912 1 300 300 1146264 151
153 0.422820557257 0 480 480 1146265 152
154 0.334380405418 1 140400 50760 1145808 148
155 0.274456069343 1 1902060 87420 164126 103
156 0.25512425621 0 2347740 277740 944820 88
157 0.940521252807 0 1260 1260 1146971 156
158 0.276333114115 0 2462160 1321260 947728 141
159 1.0 0 6420 6420 168189 158
160 0.604488779021 0 17820 11400 168189 158
161 0.901261164143 0 660 660 1149505 160
162 0.963697923435 0 24300 5820 168189 158
163 0.716681540467 1 56040 56040 954083 162
164 0.250793158008 0 3060 3060 954124 163
165 0.453186919287 0 1204320 1120920 168189 158
166 0.332733546396 1 4694220 240 945346 105
167 0.196244977812 0 5332860 25860 1141838 35
168 0.835091445047 0 1080 1080 956998 167
169 0.522128258797 0 5446560 4620 943361 10
170 0.338563822909 0 4902240 9660 1142686 93
171 1.0 0 15840 1560 169624 168
172 0.169629979588 1 5340060 42960 943718 38
173 0.579699800478 0 1218600 8640 954124 163
174 0.152723687803 1 67320 4500 1151657 169
175 0.17558901605 0 95640 37980 169650 170
176 0.345682251768 0 5447760 3900 1141838 35
177 0.582097900264 1 126900 17700 1151657 169
178 0.395859343955 1 140940 9420 169624 168
179 0.308901778826 0 168300 180 956850 165
180 0.90129584936 0 2040 1860 169795 178
181 0.952016436408 1 2820 2820 957327 180
182 1.0 0 5280 600 169796 179
183 0.504293525535 0 6720 1440 169796 179
184 0.248167347245 1 5471400 36660 1141863 37
185 0.217302184096 0 4813500 48360 945775 112
186 0.21805197735 0 293580 208560 1151903 183
187 0.305925816626 1 469980 1620 956853 166
188 0.206819531485 0 455100 26340 169650 170
189 0.923613660728 0 5220 5220 1152844 188
190 1.0 0 9480 9480 170227 189
191 1.0 1 46200 36720 170227 189
192 1.0 0 56460 10260 170227 189
193 0.419958015654 1 5725140 360 944027 52
194 0.298418142985 1 57660 840 170227 189
195 1.0 0 13140 13140 170298 194
196 0.202730341845 0 5792880 607500 945578 109
197 0.296412940163 1 6368340 232440 163844 80
198 0.19328803037 0 6409740 56520 944687 85
199 0.255030317894 0 6827940 746100 945578 109
200 0.180658382353 0 7296600 1614720 948335 145
201 0.353808960543 0 132600 132600 1158556 200
202 1.0 0 7560 7560 175027 201
203 0.116795418805 1 9455940 81660 163358 13
204 0.859568663238 0 1320 1320 175125 203
205 0.269413006969 1 308040 217500 175027 201
206 0.464666329425 0 16620 16620 175508 205
207 0.191421865711 0 9073860 22920 164084 100
208 0.201817383224 1 9369960 447120 945578 109
209 0.913366686779 0 9960 9960 968527 208
210 0.23118568967 1 11712720 3279120 947728 141
211 0.985951322742 0 1200 1200 977160 210
212 0.994542548007 0 14580 14580 182809 211
213 0.912067443712 0 23400 8820 182809 211
214 0.185025439322 1 15941340 2489640 943445 14
215 0.967758857403 0 33900 33900 985437 214
216 0.975915044999 0 9060 9060 188356 215
217 0.872914237498 0 13380 4320 188356 215
218 0.189372955119 1 19135500 3454080 944303 66
219 0.95554084868 0 58680 58680 994040 218
220 0.193501282759 1 20200440 1526460 945775 112
221 0.301639431821 0 27737640 52440 1127859 0
222 0.286040095164 1 20224320 3420 945806 114
223 0.338874364944 1 1066300 1066300 997812 222
224 0.24854613241 0 36687760 14513220 1141659 11
225 0.999720598291 1 360 360 1015473 224
226 0.989671662783 0 1680 1680 1015474 225
227 0.478884266526 1 16680 16680 221055 226
228 0.176948825938 0 36600 17880 1015473 224
229 0.204267457352 0 39123460 3042360 945194 101
230 0.13181761971 0 39624700 1018440 946397 127
231 0.992866065115 1 14640 14640 1220907 230
232 0.147900976679 0 47306080 6951840 163832 78
233 0.180822744613 0 49770940 2340660 1142209 61
234 0.104612350272 1 49655440 699060 164550 125
235 0.279082747027 1 57339980 6784600 944012 51
236 0.900350879041 0 11700 11700 1060893 235
237 0.995615185632 0 12300 600 1060893 235
238 0.990509234218 1 73260 60960 1060893 235
239 0.220616260299 0 30157960 9198540 221055 226
