0 0.0
1 1.0
2 0.574567732414
3 1.0
4 0.139071080304
5 0.104630398422
6 0
7 0
8 0.155608231536
9 0.0658269404104
10 0.458546213713
11 0.111843138224
12 0.283949194451
13 0.700696916741
14 0.393026851213
15 0.493553381471
16 0.0301875977665
17 0.0337395974865
18 1.0
19 0
20 0.633392835291
21 0
22 0.239213811788
23 0.49577795512
24 0
25 0.222674364303
26 0.907414813023
27 0.666684703791
28 0.351516452544
29 0.192805835279
30 0.333187239255
31 0.837248473351
32 0.456162304162
33 0.588725675778
34 0.420387565629
35 0.290426855769
36 0.793540915456
37 0.190107066956
38 0.0401862045145
39 0
40 0.109236480307
41 0.234509457804
42 0.573738673371
43 0.194934217164
44 0
45 0.156576023924
46 1.0
47 0.585728946735
48 0.31144099401
49 0
50 0.164492086245
51 0.180752243707
52 0.136772445857
53 0.0786777361996
54 0.0369849307856
55 0.566670055264
56 0.375631818138
57 0.736994422312
58 0.751748304168
59 0.185593065692
60 0.285749590468
61 0.173297208993
62 0.699833335182
63 0.1705886817
64 1.0
65 0.676928482468
66 0.149245502656
67 0.218058264124
68 0.30631257553
69 0.53799725585
70 0.934508422532
71 0.103613768174
72 0.838490345933
73 0.366442978195
74 0.210102310615
75 0.428579991746
76 0.947166919127
77 1.0
78 1.0
79 1.0
80 0
81 0
82 1.0
83 1.0
84 0
85 0.193717216979
86 0.655459719835
87 0.093468128061
88 0.314874694598
89 0.381550038573
90 0.764829973963
91 0.223209528553
92 1.0
93 0.433545674583
94 0
95 1.0
96 0.0394282910574
97 0.113934936409
98 0.0716670503711
99 0.187444020731
100 0.415683342616
101 0.516032107417
102 0.421003952534
103 0.317648017269
104 0.167425526736
105 0.214881898302
106 0.315019559173
107 0.797013729256
108 0.140398705614
109 0.197237932043
110 0
111 0.298259588995
112 0.401163269454
113 0.348996104537
114 0.260089720771
115 0
116 0.414765305871
117 1.0
118 1.0
119 0
120 0.738364642079
121 0.722562011292
122 1.0
123 0.193665443235
124 0.257810843122
125 0.0775918042491
126 0.370508704204
127 0.878176191998
128 0.330409472732
129 1.0
130 0.185789869851
131 0.498326744028
132 0.708691327331
133 0.725492521429
134 1.0
135 0.218959565109
136 0.830678327993
137 1.0
138 0.928803959273
139 0.27400013882
140 0.474577563795
141 0.987452589033
142 0.19245661159
143 0.133695705086
144 1.0
145 0.179208281478
146 0.34721522326
147 0.245979602134
148 0.743086049802
149 0.469094766557
150 0.277958654105
151 0.343232171562
152 1.0
153 0.560627636341
154 0
155 0.161021595294
156 0.25507624523
157 0.897151799331
158 0.209309638112
159 1.0
160 0.247256340349
161 1.0
162 0.427082969867
163 0.55771424265
164 0.188982993397
165 0.326574416582
166 0.217608634316
167 0.35895569962
168 0.770907543313
169 0.402927948399
170 0.386036496946
171 0.810644920703
172 0.169176252702
173 0.477985437779
174 1.0
175 0.284940718663
176 0.360466335165
177 0.386509953174
178 0.327655527931
179 0.317525651182
180 1.0
181 1.0
182 1.0
183 0.448714509498
184 0.194139345384
185 0.136780884278
186 0.497490562741
187 0
188 0.318297379842
189 1.0
190 1.0
191 1.0
192 1.0
193 0.200753505381
194 0.280485476124
195 1.0
196 0.159728591958
197 0.292746189466
198 0.299706561188
199 0.171563493028
200 0.102100036099
201 0.166143449955
202 1.0
203 1.0
204 0
205 0.265489710942
206 0.188594926106
207 0.209354645467
208 0.14792156892
209 0.20169348091
210 0.312701639621
211 1.0
212 1.0
213 0.960724589381
214 0.317189411814
215 0.589509840894
216 0.730335031246
217 1.0
218 0.0940502934681
219 1.0
220 0
221 0.253961318661
222 0.165596647235
223 0.26990521026
224 0.328464228214
225 1.0
226 0.902847149221
227 0.715810722966
228 0.197410802169
229 0.209518630697
230 0
231 0.369636411787
232 0.131195541143
233 0.319875585565
234 0
235 0.248075576051
236 0.715203998992
237 0.966729693715
238 0.97432922892
