khabarID - tf_idf - agency_match - time_diff - most_similar_id - most_similar_row
132454 0.201332716576 1 120 132453 fardaNews 0
122118 0.176418048105 0 8040 132453 fardaNews 0
122126 0.230987728718 0 11340 132453 fardaNews 0
122137 0.150257863645 1 4080 122126 khabaronline 3
122140 0.0683317595585 1 1080 122137 khabaronline 4
132475 0.153987488438 0 18780 122137 khabaronline 4
132477 0.277563844094 0 27840 122118 khabaronline 2
132479 0.106776308422 1 3300 132475 fardaNews 6
132481 0.0875076894705 1 39300 132453 fardaNews 0
122156 0.542348960925 0 1800 132479 fardaNews 8
132482 0.0513102971158 0 23160 122140 khabaronline 5
122158 0.17647343448 1 24300 122137 khabaronline 4
122160 0.790504063033 0 4140 132477 fardaNews 7
132500 0.056078843757 0 33840 122126 khabaronline 3
132505 0.183245120401 0 6660 122160 khabaronline 13
122166 0.109829911712 1 39660 122118 khabaronline 2
122168 0.407029113624 0 13560 132475 fardaNews 6
132513 0.212163412164 0 1440 122168 khabaronline 17
122188 1.0 0 4920 132505 fardaNews 15
122197 0.106924985813 0 20280 132475 fardaNews 6
132531 0.164363378773 1 18420 132479 fardaNews 8
132533 0.267075175918 0 8820 122166 khabaronline 16
132534 0.0978950947531 1 22380 132475 fardaNews 6
132542 0.334067147431 1 20460 132479 fardaNews 8
122245 0.429024964745 0 4800 132533 fardaNews 22
122265 0.148830303496 0 14100 132513 fardaNews 18
132597 0.189347143889 1 35220 132475 fardaNews 6
132602 0.103727771532 1 15900 132534 fardaNews 23
132614 0.304485789648 1 20040 132531 fardaNews 21
132623 0.223694693761 1 22440 132542 fardaNews 24
132789 0.156875498908 1 105240 132533 fardaNews 22
132862 0.179448878581 0 177720 122160 khabaronline 13
132863 0.245870722061 1 540 132862 fardaNews 32
132885 0.197543745266 1 148200 132614 fardaNews 29
132923 0.300308239101 0 195780 122160 khabaronline 13
122902 0.426212168162 0 9840 132923 fardaNews 35
132986 0.206774727157 1 217920 132477 fardaNews 7
133035 0.153707519857 1 75240 132923 fardaNews 35
133115 0.209150432329 0 349260 122160 khabaronline 13
133238 0.201801408618 0 478200 122126 khabaronline 3
123719 0.133835606269 1 533820 122160 khabaronline 13
133447 0.273864004823 1 544260 132475 fardaNews 6
123751 0.259344896003 1 549060 122160 khabaronline 13
143027 0.307512843424 0 451800 122902 khabaronline 36
124227 0.192522157895 0 486180 132986 fardaNews 37
143103 0.0992998974686 0 703620 122156 khabaronline 10
133867 1.0 0 59040 143027 tabnak 44
143219 0.157183598658 0 548640 132862 fardaNews 32
143243 0.323089304502 0 720720 132533 fardaNews 22
143353 0.27416198967 0 783840 132505 fardaNews 15
143852 0.248653084634 0 1188480 122140 khabaronline 5
143901 0.124934616786 1 467460 143103 tabnak 46
144475 0.146776385487 0 891480 133447 fardaNews 42
144569 0.0 0 1486260 132453 fardaNews 0
144783 0.135561827808 1 904620 143103 tabnak 46
145204 0.10508442311 0 1329060 133238 fardaNews 40
145260 0.218978200265 0 1772820 132542 fardaNews 24
135589 0.23049683137 0 770940 143901 tabnak 52
145590 0.0 0 1982220 132453 fardaNews 0
145608 0.13133907553 0 1595580 133115 fardaNews 39
127367 0.217374405253 1 1416840 123719 khabaronline 41
145649 0.17421562733 1 1248000 143103 tabnak 46
135705 0.133941990319 1 2114160 132505 fardaNews 15
138489 0.258921314329 0 3141360 143243 tabnak 49
149979 1.0 0 12960 138489 fardaNews 64
151663 0.470028057793 1 4006500 143027 tabnak 44
153978 0.151869443596 0 5636760 132513 fardaNews 18
171150 0.345135168792 0 13580320 132885 fardaNews 34
174746 0.233209575971 0 11295340 138489 fardaNews 64
175772 0.191459196567 0 15400300 132986 fardaNews 37
156866 0.0 1 17668480 132453 fardaNews 0
165990 0.12288510805 1 17795440 122137 khabaronline 4
193795 0.159573551473 0 22173340 133238 fardaNews 40
163576 0.917200303187 0 900 193795 tabnak 73
212871 0.305183475115 1 29339560 143027 tabnak 44
181798 0.337309531902 0 26805760 151663 tabnak 66
218232 0.232583490606 0 31348060 132789 fardaNews 31
