khabarID - tf_idf - agency_match - time_diff - most_similar_id - most_similar_row
100599 0.0 0 10800 80918 tabnak 0
100600 0.0 0 11160 80918 tabnak 0
100604 0.13569013394 1 1980 100599 fardaNews 1
100608 0.127468196739 1 5400 100599 fardaNews 1
100626 0.0265185697285 0 20700 80918 tabnak 0
81011 0.091062859512 0 3720 100626 fardaNews 5
81031 0.114208327458 1 30000 80918 tabnak 0
81035 0.0 1 36960 80918 tabnak 0
100657 1.0 0 120 81035 tabnak 8
81043 0.187698192836 0 69900 100604 fardaNews 3
100699 0.345727913879 1 78420 100600 fardaNews 2
81110 1.0 0 2400 100699 fardaNews 11
100745 0.0 0 102960 80918 tabnak 0
100758 0.488091395756 1 94980 100600 fardaNews 2
81163 0.276892008077 0 4080 100758 fardaNews 14
100769 0.135625568299 1 99540 100599 fardaNews 1
81148 1.0 0 4740 100758 fardaNews 14
81152 0.446265528322 0 6240 100758 fardaNews 14
100791 0.106942446941 1 30900 100699 fardaNews 11
100792 0.120315882313 1 104580 100608 fardaNews 4
100793 0.37529801411 1 31260 100699 fardaNews 11
100819 0.249705431197 1 52620 100791 fardaNews 19
81240 0.410161845648 0 5880 100819 fardaNews 22
81166 0.0972535034352 1 79380 81152 tabnak 18
100852 0.103584912658 1 90000 100758 fardaNews 14
81288 0.940111094033 0 8340 100852 fardaNews 25
100870 0.059875825283 0 55440 81288 tabnak 26
81347 0.197670316535 0 165480 100758 fardaNews 14
100896 0.84286725867 0 1560 81347 tabnak 28
81358 0.405251076227 1 161700 81152 tabnak 18
100904 0.176441523566 1 111240 100819 fardaNews 22
100907 0.72240870971 1 179640 100758 fardaNews 14
81366 0.312609218038 1 174660 81152 tabnak 18
81659 0.250817057593 0 314640 100793 fardaNews 21
101068 0.110404803054 0 267780 81240 tabnak 23
101095 0.26758956885 0 181080 81358 tabnak 30
81742 0.0371194645678 1 185040 81358 tabnak 30
81788 0.151713314003 0 400260 100769 fardaNews 16
101687 0.185829456556 0 656340 81659 tabnak 34
82862 0.224367251525 0 975360 100792 fardaNews 20
102423 0.331693449444 1 1599420 100819 fardaNews 22
102885 0.155880658366 0 2024160 81240 tabnak 23
104032 0.278094741787 1 3248400 100904 fardaNews 31
103748 0.268044938443 0 13130440 100608 fardaNews 4
112775 0.668795506915 0 2580 103748 tabnak 44
127017 0.268668461163 1 27418540 100907 fardaNews 32
127026 0.0432401662063 1 27532960 100819 fardaNews 22
111978 0.707550146199 0 2220 127017 fardaNews 46
111984 0.147491864353 0 27535060 100819 fardaNews 22
112071 0.0377160418685 0 27434080 100907 fardaNews 32
112061 0.117583763886 0 27434560 100907 fardaNews 32
112088 0.271551127732 0 18180 127017 fardaNews 46
112073 0.308510625763 0 27449200 81358 tabnak 30
112086 0.147857130846 0 27713020 100600 fardaNews 2
112093 0.203114972069 0 20460 127026 fardaNews 47
112115 0.168787346282 0 27442600 100907 fardaNews 32
112137 0.227695636658 1 12120 112071 khabaronline 50
112220 0.197063287823 1 25800 112088 khabaronline 52
127098 0.379221517168 1 82560 127017 fardaNews 46
127105 0.287530448634 1 84360 127017 fardaNews 46
127117 0.616162988174 0 27612340 81240 tabnak 23
127126 0.312218680125 1 88980 127017 fardaNews 46
127154 0.46241255207 1 27794140 100604 fardaNews 3
127159 0.155690103943 0 27376900 81659 tabnak 34
112476 0.193980408774 0 9960 127159 fardaNews 64
127184 0.356484740376 1 27697900 100819 fardaNews 22
127218 0.251807792167 0 27372580 81788 tabnak 38
127284 0.277922967889 0 26869600 82862 tabnak 40
127313 0.513535564623 1 18840 127284 fardaNews 68
112832 0.16765267089 0 26224540 102423 fardaNews 41
127333 0.187235108602 1 160440 127218 fardaNews 67
113060 0.151049249263 1 403680 112073 khabaronline 53
127445 0.254757189259 1 28057300 100699 fardaNews 11
113481 0.282306478162 0 27927400 81366 tabnak 33
127520 0.453559945717 1 73140 127445 fardaNews 73
127545 0.155923999344 1 27968500 100870 fardaNews 27
113718 0.0703172565122 1 534000 112061 khabaronline 51
114179 0.140708646066 0 534900 127184 fardaNews 66
128292 0.192846387027 0 28758220 80918 tabnak 0
128305 0.157926268504 0 28760260 80918 tabnak 0
115182 0.149353757014 0 28504360 100870 fardaNews 27
128427 1.0 1 88920 128292 fardaNews 79
115569 0.480459665357 0 125880 128292 fardaNews 79
128877 0.343203976347 1 528060 128305 fardaNews 80
129947 0.191086357198 1 2033940 127184 fardaNews 66
131757 0.332962889281 1 27340480 104032 fardaNews 43
121523 0.342622360911 0 265440 131757 fardaNews 86
121607 0.113171460134 0 30733600 81742 tabnak 37
132147 0.532670855035 0 2978880 113481 khabaronline 74
122234 0.132632390592 1 2615520 115182 khabaronline 81
132556 0.2686291184 0 31108000 81358 tabnak 30
122315 0.36983450879 0 11040 132556 fardaNews 91
132688 0.129877313894 0 30356380 82862 tabnak 40
122481 0.208557655122 1 265440 121607 khabaronline 88
132740 0.362677450195 1 3425340 127333 fardaNews 71
132849 0.236694196878 1 18382740 112775 fardaNews 45
132966 0.22715116669 1 31391680 100819 fardaNews 22
133005 0.233366071752 1 29839660 102423 fardaNews 41
133162 0.097827105936 0 31699960 81011 tabnak 6
133214 0.243076899228 1 270600 132849 fardaNews 96
133324 0.108093536603 1 218160 133005 fardaNews 98
142932 0.183173695616 0 4261260 112093 khabaronline 55
143950 0.383598672432 0 972060 132966 fardaNews 97
134494 1.0 0 840 143950 tabnak 103
144026 0.168997968393 1 32113000 81659 tabnak 34
125426 0.389287914687 0 32266540 81366 tabnak 33
144041 0.197528504851 0 754980 133214 fardaNews 100
134657 0.562501525517 0 78660 125426 khabaronline 106
144437 0.229524566699 0 30582040 102885 fardaNews 42
134807 0.662596277665 0 1140 144437 tabnak 109
144820 0.322311923867 0 32821180 100819 fardaNews 22
135183 0.332709366673 0 32890360 81240 tabnak 23
145064 0.233447552275 0 1508280 132966 fardaNews 97
136583 0.182135592558 1 2301240 133005 fardaNews 98
147492 0.158048565184 0 4894380 128877 fardaNews 84
147501 0.0 1 34192780 80918 tabnak 0
130117 0.185135168589 0 6668880 127026 fardaNews 47
150382 0.265119312225 0 3890100 132966 fardaNews 97
132801 0.856138853775 0 39900 150382 tabnak 118
139822 0.242668890743 1 8418540 127026 fardaNews 47
151924 1.0 0 3840 139822 fardaNews 120
138050 0.0977412401641 1 10146820 112086 khabaronline 54
164940 0.269338146661 1 8220940 147492 tabnak 115
159259 0.217648202944 1 17632000 113060 khabaronline 72
172943 0.401307235486 0 9060 159259 khabaronline 124
178877 0.191299692779 0 48036500 100792 fardaNews 20
164002 0.184497798967 0 48166940 100599 fardaNews 1
155797 0.702741448895 1 20417500 127117 fardaNews 61
155811 0.489433179067 1 35063980 112775 fardaNews 45
179012 1.0 0 900 155811 fardaNews 129
164060 0.504264619886 0 3480 155811 fardaNews 129
155845 0.185010404813 0 46260 164002 khabaronline 127
155850 0.242187970541 1 3420 155845 fardaNews 132
164099 0.248350374667 1 19343860 115569 khabaronline 83
164129 0.290142674067 0 11580 155845 fardaNews 132
179170 0.108727693093 0 16868740 132556 fardaNews 91
179176 0.359517090326 0 19500 164129 khabaronline 135
155894 0.178998565286 1 17393260 131757 fardaNews 86
155979 0.400852118252 1 48312680 100599 fardaNews 1
179367 0.16846510672 0 4200 155979 fardaNews 139
179743 0.273379279357 0 20064400 114179 khabaronline 78
179850 0.161296050643 0 17294680 121607 khabaronline 88
180004 0.249265994634 1 100020 179743 tabnak 141
180328 0.109063283783 0 17554600 121607 khabaronline 88
156500 0.760278304819 0 6660 180328 tabnak 144
157044 0.180560183496 0 21369100 112093 khabaronline 55
168962 0.121235760971 0 18841420 133214 fardaNews 100
159197 0.0837500061119 1 50652080 100769 fardaNews 16
169278 0.246715780862 0 18967420 133214 fardaNews 100
159210 0.273366322153 0 18217060 125426 khabaronline 106
169282 0.193068783858 0 50658860 81152 tabnak 18
185545 0.526429748345 0 1920 169278 khabaronline 149
185658 0.29977445097 1 50562500 81358 tabnak 30
170253 0.257699824157 1 23457460 112220 khabaronline 58
186791 0.413096662411 1 370740 185658 tabnak 153
159833 1.0 0 600 186791 tabnak 155
188584 0.558741288628 0 21033100 131757 fardaNews 86
171851 0.185634866616 0 51979460 81035 tabnak 8
191519 0.135093093025 0 21625300 132740 fardaNews 95
174189 0.19150883001 1 25385620 112093 khabaronline 55
191607 0.442918900626 0 60 174189 khabaronline 160
162318 0.223175618085 0 960 191607 tabnak 161
162348 1.0 0 13620 191607 tabnak 161
191642 0.380443359711 0 18360 174189 khabaronline 160
174224 0.180006998101 0 3300 191642 tabnak 164
201040 0.389331461168 0 25149520 132966 fardaNews 97
167886 0.375167916668 1 25151500 132966 fardaNews 97
167914 0.101610273756 0 56698040 81011 tabnak 6
203550 0.252288384965 0 24792760 135183 fardaNews 112
170136 1.0 0 3120 203550 tabnak 169
184854 0.341895927292 1 29651620 113718 khabaronline 77
171958 0.12896996515 0 58560080 81240 tabnak 23
171985 0.721333119631 1 29992360 128292 fardaNews 79
206312 0.215165806187 0 10800780 155894 fardaNews 138
172886 0.450996741842 1 30400600 128292 fardaNews 79
206658 0.653470389343 0 30406600 128292 fardaNews 79
173080 0.345940582766 1 46090720 112775 fardaNews 45
206885 0.463931621411 1 78660 206658 tabnak 176
173099 0.601984287863 1 85740 172886 fardaNews 175
173102 1.0 0 1860 206885 tabnak 178
206984 0.307233692097 1 7349280 188584 tabnak 157
207100 0.168318192692 0 27825160 122481 khabaronline 94
207251 0.282161962283 0 30587500 128292 fardaNews 79
173540 0.254171746785 0 136020 207100 tabnak 182
207437 0.653047127047 0 5820 173540 fardaNews 184
207459 0.301584564879 0 30671020 128292 fardaNews 79
173906 0.184829638909 0 58496840 82862 tabnak 40
208219 0.342614852319 1 27185920 143950 tabnak 103
174255 1.0 0 720 208219 tabnak 188
182203 0.417182755876 1 35186920 127154 fardaNews 63
182206 0.23659181751 0 12223260 185545 tabnak 152
218859 0.20213593509 0 31192660 133214 fardaNews 100
218886 0.518075456285 1 3758040 206885 tabnak 178
182226 0.306609343004 0 31013800 142932 tabnak 102
218903 0.194946219816 0 30449800 125426 khabaronline 106
218905 0.10067645486 0 6282180 167914 fardaNews 168
182239 0.202426125989 0 1380 218905 tabnak 196
182242 0.157144374272 1 13020 182203 fardaNews 190
218926 0.694098889988 0 300 182242 fardaNews 198
193656 0.203076815463 0 62721440 100907 fardaNews 32
182250 0.259736831906 1 7320 182226 fardaNews 194
218938 0.158772019127 0 35188420 112476 khabaronline 65
182253 0.513671783026 1 62990060 100626 fardaNews 5
218943 0.158452792243 0 13916400 157044 fardaNews 146
218949 0.295947394887 0 62726720 100907 fardaNews 32
218951 0.209853915466 0 26887960 139822 fardaNews 120
182260 0.323064541984 0 9882600 191642 tabnak 164
182261 0.886567232871 0 780 218951 tabnak 206
193685 0.254444002404 0 2100 218949 tabnak 205
193696 0.169198622498 0 62896160 100793 fardaNews 21
182277 1.0 0 7680 218938 tabnak 202
193705 0.293891300966 0 14448480 180004 tabnak 143
193704 0.208660339437 0 18300 218886 tabnak 193
218992 0.239955244229 1 31033900 142932 tabnak 102
193724 0.281387294652 0 63011900 100599 fardaNews 1
182298 0.205617162132 1 35319160 127026 fardaNews 47
182311 0.237557105939 0 11822760 170253 khabaronline 154
193740 0.812425749054 0 16380 182261 fardaNews 208
193731 0.839997383656 0 22980 182242 fardaNews 198
182317 0.326285611599 0 20626980 164940 tabnak 123
193764 0.254904764162 1 12960 193705 khabaronline 212
182332 0.689857989157 0 13260 218992 tabnak 214
182335 0.280871916899 0 11830380 170253 khabaronline 154
182338 0.145441139696 0 29963740 145064 tabnak 113
219024 0.214237244092 1 61944500 82862 tabnak 40
193781 0.233985882138 0 540 219024 tabnak 225
182371 0.304005305822 1 31439320 133005 fardaNews 98
182376 0.241582679187 1 31685380 132556 fardaNews 91
219064 0.143808814274 0 31244680 133324 fardaNews 101
182397 0.37214323832 1 39420 182335 fardaNews 223
219087 0.252011646994 0 35286580 127126 fardaNews 62
182407 0.131562248059 1 28740 182371 fardaNews 227
193806 0.860806234258 0 12900 182376 fardaNews 228
219110 1.0 0 15300 182376 fardaNews 228
219119 0.292680314982 0 34324120 128305 fardaNews 80
193811 0.186866045083 0 82080 218903 tabnak 195
219128 0.500976839757 0 34328080 128292 fardaNews 79
182424 1.0 0 960 219128 tabnak 237
182428 0.656457177638 1 14879220 155797 fardaNews 128
219151 0.636591777075 0 31621240 132740 fardaNews 95
182435 1.0 0 1680 219151 tabnak 240
182436 0.19355648559 0 4025160 206312 tabnak 174
219091 0.213239534604 1 100500 218859 tabnak 192
193834 0.264035861568 0 12780 182428 fardaNews 239
219223 0.315426181886 0 6397920 167886 fardaNews 167
219228 0.61211779129 0 62839340 100907 fardaNews 32
182518 0.099182599961 1 3967620 172886 fardaNews 175
193820 0.292774463653 0 3886800 206885 tabnak 178
182533 0.229955987143 1 35251600 127218 fardaNews 67
193881 0.236095685743 0 16260 219228 tabnak 246
182545 0.303015974111 1 29243140 136583 fardaNews 114
182547 0.26726985891 1 64800 182436 fardaNews 242
182554 0.331669610313 0 44820 219228 tabnak 246
219267 0.733023023215 0 135420 182335 fardaNews 223
219269 0.251067698965 1 81540 219151 tabnak 240
182559 1.0 0 240 219267 tabnak 254
219270 0.141436476899 0 120360 182371 fardaNews 227
219272 0.60017772007 0 137040 182332 fardaNews 222
182560 0.216716723375 0 35424280 112220 khabaronline 58
182574 0.283407252814 1 101580 182397 fardaNews 230
182579 1.0 0 7620 219270 tabnak 257
182580 0.249184883198 1 166620 182260 fardaNews 207
182581 0.306368191621 1 14971200 155797 fardaNews 128
193905 0.720683363726 1 34299400 115569 khabaronline 83
219286 0.538323002921 0 35312860 127184 fardaNews 66
193918 0.463807129579 0 63010280 81240 tabnak 23
182600 0.304765061842 0 61320 193820 khabaronline 248
193920 0.778808329565 0 22200 182554 fardaNews 253
182602 0.128610908491 1 186420 182242 fardaNews 198
219321 0.627977520121 0 3840 182600 fardaNews 267
193940 0.415351291232 0 17700 182580 fardaNews 262
193950 0.685070125247 1 16980 193905 khabaronline 264
182630 0.156645955333 0 195120 218943 tabnak 204
182642 0.391374713065 0 17580 219321 tabnak 270
193963 0.37001180937 0 8940 182630 fardaNews 273
219462 0.260001815321 1 90660 219272 tabnak 258
219473 0.447889667356 0 228300 182332 fardaNews 222
193989 0.538751086005 0 53160 182642 fardaNews 274
182749 0.156451079829 0 260040 193705 khabaronline 212
182754 0.453825929719 1 123300 182547 fardaNews 252
182777 0.285476489918 1 35495260 127126 fardaNews 62
194099 0.238857173838 0 140400 182574 fardaNews 260
219619 0.316388290532 0 306060 193731 khabaronline 219
219625 0.208020334778 1 212460 219228 tabnak 246
182856 0.244805724391 0 35617420 112073 khabaronline 53
219650 0.258451499038 1 14853420 179850 tabnak 142
194235 0.442137204212 0 45060 182856 fardaNews 285
183058 0.472110178699 1 246120 182580 fardaNews 262
220003 0.424955316215 1 30355060 145064 tabnak 113
183083 1.0 0 4200 220003 tabnak 289
220036 0.274916838539 0 277740 182545 fardaNews 251
183103 0.206711292808 0 3360 220036 tabnak 291
194315 0.251188516938 0 412440 182298 fardaNews 216
220090 0.435704578483 0 30888040 125426 khabaronline 106
183130 0.819137691485 0 5640 220090 tabnak 294
183135 0.302127199853 0 185880 219473 tabnak 277
183142 0.262765803511 0 279420 219272 tabnak 258
220158 0.5252946104 0 3480 183135 fardaNews 296
194412 1.0 0 15600 183130 fardaNews 295
194414 1.0 0 11580 183142 fardaNews 297
183179 0.68361232631 1 15600 183135 fardaNews 296
220333 0.437027564002 0 30962740 125426 khabaronline 106
220414 0.111795616953 0 31698280 133324 fardaNews 101
220423 0.0 1 63529340 80918 tabnak 0
183314 0.28265778846 0 900 220414 tabnak 303
220428 0.20926002648 0 35736460 127126 fardaNews 62
183317 0.272785412305 0 15059940 179743 tabnak 141
194556 0.372711833418 0 368640 219269 tabnak 255
183385 0.330217598764 1 545460 182253 fardaNews 203
220530 0.794710025312 0 2760 183385 fardaNews 309
183434 1.0 0 31620 220530 tabnak 310
220592 0.241469861822 1 258420 219625 tabnak 284
220599 0.186940717038 0 35784700 127159 fardaNews 64
194679 0.493632505868 1 11595420 171851 khabaronline 158
183498 0.236785847463 0 597960 193696 khabaronline 210
183520 1.0 0 23760 220592 tabnak 312
183555 0.323403840148 0 457320 219272 tabnak 258
221056 0.361524020953 1 289800 220090 tabnak 294
183783 0.524172143251 0 31177960 125426 khabaronline 106
221063 0.474840023488 1 560580 219269 tabnak 255
183789 1.0 0 900 221063 tabnak 320
194917 0.575413406632 0 18960 221056 tabnak 318
194923 0.260604598859 1 35559520 113481 khabaronline 74
183853 0.289468158323 0 351360 220036 tabnak 291
183879 0.0 0 63800060 80918 tabnak 0
221153 0.22558551091 1 351840 220158 tabnak 298
195001 0.247473937585 1 269880 194556 khabaronline 308
221183 0.408391817678 0 798720 182260 fardaNews 207
183902 1.0 0 900 221183 tabnak 328
184058 0.734849192912 1 467460 183130 fardaNews 295
221411 0.528948391542 1 31373260 144026 tabnak 105
221534 0.236445235591 0 11984640 171851 khabaronline 158
184221 0.273853225611 0 15750720 179176 tabnak 137
195523 0.539115100249 0 279720 184058 fardaNews 330
222243 0.306150323951 1 408300 221411 tabnak 331
184819 0.253113671195 0 1318800 218949 tabnak 205
222323 0.119006707729 0 1191540 182547 fardaNews 252
184882 0.543764355445 0 5640 222323 tabnak 337
195845 0.281499482729 0 23640 222323 tabnak 337
185000 0.176864349031 1 1432620 182242 fardaNews 198
222525 0.235087055669 0 1286220 182574 fardaNews 260
185048 1.0 0 1020 222525 tabnak 341
185077 0.27542504086 1 1334160 182547 fardaNews 252
185290 0.453515012211 0 1135500 220158 tabnak 298
185505 0.396205249494 0 1426800 219473 tabnak 277
223281 0.81291368567 0 9720 185505 fardaNews 345
185817 0.413879655864 0 1400040 220090 tabnak 294
223730 0.457122103725 0 6360 185817 fardaNews 347
223794 0.346533672019 1 29398000 150382 tabnak 118
225510 0.18948038702 1 2400300 219024 tabnak 225
187485 0.499142351348 0 9002400 201040 tabnak 166
187823 0.169704414542 1 2266200 183498 fardaNews 315
226847 0.394084800044 0 122700 187823 fardaNews 352
188234 0.126142207727 0 1749300 222243 tabnak 335
227072 0.182945504296 0 36174820 129947 fardaNews 85
188238 0.389307682653 0 720 227072 tabnak 355
199164 0.221537476046 0 13800 188234 fardaNews 354
188521 0.140189627613 0 7172040 206312 tabnak 174
188649 0.214546665842 0 6587280 208219 tabnak 188
188756 0.450546526072 0 14433960 188584 tabnak 157
188916 0.228582307255 1 32498620 136583 fardaNews 114
227881 0.44583591168 0 74700 188756 fardaNews 360
188932 0.650299491992 0 33863200 125426 khabaronline 106
227896 0.615241213727 0 1260 188932 fardaNews 363
199705 0.807407470593 0 23460 188932 fardaNews 363
227933 0.147976573185 0 2830500 194679 khabaronline 314
228357 0.0749304210259 0 35435800 121607 khabaronline 88
228711 0.301207998958 1 3298920 220090 tabnak 294
200400 0.580695938828 1 38002060 115569 khabaronline 83
190250 0.492619131072 0 3300120 194917 khabaronline 322
190549 0.698996761729 0 24760920 164940 tabnak 123
192634 0.259843778635 1 2009760 188238 fardaNews 356
192657 0.565789723789 1 12960 192634 fardaNews 372
203020 0.97352445183 0 11580 192657 fardaNews 373
203040 1.0 0 27240 192634 fardaNews 372
232031 0.509113898014 0 994020 190549 fardaNews 371
194399 0.136502060331 1 6477460 182749 fardaNews 279
205980 0.136843197208 1 38907800 122481 khabaronline 94
235789 0.226351850212 0 42498620 127218 fardaNews 67
195555 0.874317293207 0 1860 235789 tabnak 379
195622 0.65007663469 0 38940 205980 khabaronline 378
195647 0.455899767841 1 15000 195622 fardaNews 381
195681 0.150328761568 0 7427380 193724 khabaronline 215
236676 0.362017549933 0 22590160 155811 fardaNews 129
201451 0.503987225773 0 40723940 145064 tabnak 113
201660 0.58887164918 1 139080 201451 fardaNews 385
213558 0.36063256606 1 10743640 193950 khabaronline 272
213566 0.641666184399 0 155760 201451 fardaNews 385
202166 0.471892045518 1 23522200 159197 fardaNews 148
202204 0.0 0 74298360 80918 tabnak 0
205540 0.294781511727 0 13059040 220090 tabnak 294
221439 0.447634677663 0 45380000 132556 fardaNews 91
206090 0.382495611865 0 13689940 219272 tabnak 258
207505 0.218439847765 1 46188320 132740 fardaNews 95
207510 0.189978280433 1 2220 207505 fardaNews 394
223989 0.244505632005 0 46210700 132740 fardaNews 95
223988 0.307489169965 0 46297880 132556 fardaNews 91
209094 0.0 0 78596520 80918 tabnak 0
209197 0.25949382178 0 15110680 220414 tabnak 303
227394 0.234711685669 0 15362500 220158 tabnak 298
209521 0.0 0 78847380 80918 tabnak 0
229074 0.282995512665 0 15834700 183555 fardaNews 317
210988 0.407734772447 1 16028980 183555 fardaNews 317
211105 0.437326291891 0 31440100 164129 khabaronline 135
211183 0.412757362032 0 16586860 219223 tabnak 245
211684 0.195240193854 1 31751860 155811 fardaNews 129
263289 0.337227607964 0 13757140 190549 fardaNews 371
213591 0.173067721756 0 17191780 221056 tabnak 318
265814 0.227928439572 0 18631540 182602 fardaNews 269
217153 0.0 0 82656180 80918 tabnak 0
268251 0.359788190246 0 15592180 190549 fardaNews 371
239087 0.216351098895 0 19046140 221056 tabnak 318
217459 0.354362607429 0 14687380 203020 khabaronline 374
268506 0.470533704004 1 85920 268251 tabnak 411
217872 0.35505041383 0 229500 268251 tabnak 411
218157 0.242136927182 0 12777120 235789 tabnak 379
248067 0.338972493723 0 21888160 184221 fardaNews 333
256080 0.250236706647 1 37592020 170253 khabaronline 154
