khabarID	tf_idf	agency_match	time_diff	most_similar_id	most_similar_row
100599	0	0	10800	80918	0
100600	0	0	11160	80918	0
100604	0.135690134	1	1980	100599	1
100608	0.127468197	1	5400	100599	1
100626	0.02651857	0	20700	80918	0
81011	0.09106286	0	3720	100626	5
81031	0.114208327	1	30000	80918	0
81035	0	1	36960	80918	0
100657	1	0	120	81035	8
81043	0.187698193	0	69900	100604	3
100699	0.345727914	1	78420	100600	2
81110	1	0	2400	100699	11
100745	0	0	102960	80918	0
100758	0.488091396	1	94980	100600	2
81163	0.276892008	0	4080	100758	14
100769	0.135625568	1	99540	100599	1
81148	1	0	4740	100758	14
81152	0.446265528	0	6240	100758	14
100791	0.106942447	1	30900	100699	11
100792	0.120315882	1	104580	100608	4
100793	0.375298014	1	31260	100699	11
100819	0.249705431	1	52620	100791	19
81240	0.410161846	0	5880	100819	22
81166	0.097253503	1	79380	81152	18
100852	0.103584913	1	90000	100758	14
81288	0.940111094	0	8340	100852	25
100870	0.059875825	0	55440	81288	26
81347	0.197670317	0	165480	100758	14
100896	0.842867259	0	1560	81347	28
81358	0.405251076	1	161700	81152	18
100904	0.176441524	1	111240	100819	22
100907	0.72240871	1	179640	100758	14
81366	0.312609218	1	174660	81152	18
81659	0.250817058	0	314640	100793	21
101068	0.110404803	0	267780	81240	23
101095	0.267589569	0	181080	81358	30
81742	0.037119465	1	185040	81358	30
81788	0.151713314	0	400260	100769	16
101687	0.185829457	0	656340	81659	34
82862	0.224367252	0	975360	100792	20
102423	0.331693449	1	1599420	100819	22
102885	0.155880658	0	2024160	81240	23
104032	0.278094742	1	3248400	100904	31
103748	0.268044938	0	13130440	100608	4
112775	0.668795507	0	2580	103748	44
127017	0.268668461	1	27418540	100907	32
127026	0.043240166	1	27532960	100819	22
111978	0.707550146	0	2220	127017	46
111984	0.147491864	0	27535060	100819	22
112071	0.037716042	0	27434080	100907	32
112061	0.117583764	0	27434560	100907	32
112088	0.271551128	0	18180	127017	46
112073	0.308510626	0	27449200	81358	30
112086	0.147857131	0	27713020	100600	2
112093	0.203114972	0	20460	127026	47
112115	0.168787346	0	27442600	100907	32
112137	0.227695637	1	12120	112071	50
112220	0.197063288	1	25800	112088	52
127098	0.379221517	1	82560	127017	46
127105	0.287530449	1	84360	127017	46
127117	0.616162988	0	27612340	81240	23
127126	0.31221868	1	88980	127017	46
127154	0.462412552	1	27794140	100604	3
127159	0.155690104	0	27376900	81659	34
112476	0.193980409	0	9960	127159	64
127184	0.35648474	1	27697900	100819	22
127218	0.251807792	0	27372580	81788	38
127284	0.277922968	0	26869600	82862	40
127313	0.513535565	1	18840	127284	68
112832	0.167652671	0	26224540	102423	41
127333	0.187235109	1	160440	127218	67
113060	0.151049249	1	403680	112073	53
127445	0.254757189	1	28057300	100699	11
113481	0.282306478	0	27927400	81366	33
127520	0.453559946	1	73140	127445	73
127545	0.155923999	1	27968500	100870	27
113718	0.070317257	1	534000	112061	51
114179	0.140708646	0	534900	127184	66
128292	0.192846387	0	28758220	80918	0
128305	0.157926269	0	28760260	80918	0
115182	0.149353757	0	28504360	100870	27
128427	1	1	88920	128292	79
115569	0.480459665	0	125880	128292	79
128877	0.343203976	1	528060	128305	80
129947	0.191086357	1	2033940	127184	66
131757	0.332962889	1	27340480	104032	43
121523	0.342622361	0	265440	131757	86
121607	0.11317146	0	30733600	81742	37
132147	0.532670855	0	2978880	113481	74
122234	0.132632391	1	2615520	115182	81
132556	0.268629118	0	31108000	81358	30
122315	0.369834509	0	11040	132556	91
132688	0.129877314	0	30356380	82862	40
122481	0.208557655	1	265440	121607	88
132740	0.36267745	1	3425340	127333	71
132849	0.236694197	1	18382740	112775	45
132966	0.227151167	1	31391680	100819	22
133005	0.233366072	1	29839660	102423	41
133162	0.097827106	0	31699960	81011	6
133214	0.243076899	1	270600	132849	96
133324	0.108093537	1	218160	133005	98
142932	0.183173696	0	4261260	112093	55
143950	0.383598672	0	972060	132966	97
134494	1	0	840	143950	103
144026	0.168997968	1	32113000	81659	34
125426	0.389287915	0	32266540	81366	33
144041	0.197528505	0	754980	133214	100
134657	0.562501526	0	78660	125426	106
144437	0.229524567	0	30582040	102885	42
134807	0.662596278	0	1140	144437	109
144820	0.322311924	0	32821180	100819	22
135183	0.332709367	0	32890360	81240	23
145064	0.233447552	0	1508280	132966	97
136583	0.182135593	1	2301240	133005	98
147492	0.158048565	0	4894380	128877	84
147501	0	1	34192780	80918	0
130117	0.185135169	0	6668880	127026	47
150382	0.265119312	0	3890100	132966	97
132801	0.856138854	0	39900	150382	118
139822	0.242668891	1	8418540	127026	47
151924	1	0	3840	139822	120
138050	0.09774124	1	10146820	112086	54
164940	0.269338147	1	8220940	147492	115
159259	0.217648203	1	17632000	113060	72
172943	0.401307235	0	9060	159259	124
178877	0.191299693	0	48036500	100792	20
164002	0.184497799	0	48166940	100599	1
155797	0.702741449	1	20417500	127117	61
155811	0.489433179	1	35063980	112775	45
179012	1	0	900	155811	129
164060	0.50426462	0	3480	155811	129
155845	0.185010405	0	46260	164002	127
155850	0.242187971	1	3420	155845	132
164099	0.248350375	1	19343860	115569	83
164129	0.290142674	0	11580	155845	132
179170	0.108727693	0	16868740	132556	91
179176	0.35951709	0	19500	164129	135
155894	0.178998565	1	17393260	131757	86
155979	0.400852118	1	48312680	100599	1
179367	0.168465107	0	4200	155979	139
179743	0.273379279	0	20064400	114179	78
179850	0.161296051	0	17294680	121607	88
180004	0.249265995	1	100020	179743	141
180328	0.109063284	0	17554600	121607	88
156500	0.760278305	0	6660	180328	144
157044	0.180560183	0	21369100	112093	55
168962	0.121235761	0	18841420	133214	100
159197	0.083750006	1	50652080	100769	16
169278	0.246715781	0	18967420	133214	100
159210	0.273366322	0	18217060	125426	106
169282	0.193068784	0	50658860	81152	18
185545	0.526429748	0	1920	169278	149
185658	0.299774451	1	50562500	81358	30
170253	0.257699824	1	23457460	112220	58
186791	0.413096662	1	370740	185658	153
159833	1	0	600	186791	155
188584	0.558741289	0	21033100	131757	86
171851	0.185634867	0	51979460	81035	8
191519	0.135093093	0	21625300	132740	95
174189	0.19150883	1	25385620	112093	55
191607	0.442918901	0	60	174189	160
162318	0.223175618	0	960	191607	161
162348	1	0	13620	191607	161
191642	0.38044336	0	18360	174189	160
174224	0.180006998	0	3300	191642	164
201040	0.389331461	0	25149520	132966	97
167886	0.375167917	1	25151500	132966	97
167914	0.101610274	0	56698040	81011	6
203550	0.252288385	0	24792760	135183	112
170136	1	0	3120	203550	169
184854	0.341895927	1	29651620	113718	77
171958	0.128969965	0	58560080	81240	23
171985	0.72133312	1	29992360	128292	79
206312	0.215165806	0	10800780	155894	138
172886	0.450996742	1	30400600	128292	79
206658	0.653470389	0	30406600	128292	79
173080	0.345940583	1	46090720	112775	45
206885	0.463931621	1	78660	206658	176
173099	0.601984288	1	85740	172886	175
173102	1	0	1860	206885	178
206984	0.307233692	1	7349280	188584	157
207100	0.168318193	0	27825160	122481	94
207251	0.282161962	0	30587500	128292	79
173540	0.254171747	0	136020	207100	182
207437	0.653047127	0	5820	173540	184
207459	0.301584565	0	30671020	128292	79
173906	0.184829639	0	58496840	82862	40
208219	0.342614852	1	27185920	143950	103
174255	1	0	720	208219	188
182203	0.417182756	1	35186920	127154	63
182206	0.236591818	0	12223260	185545	152
218859	0.202135935	0	31192660	133214	100
218886	0.518075456	1	3758040	206885	178
182226	0.306609343	0	31013800	142932	102
218903	0.19494622	0	30449800	125426	106
218905	0.100676455	0	6282180	167914	168
182239	0.202426126	0	1380	218905	196
182242	0.157144374	1	13020	182203	190
218926	0.69409889	0	300	182242	198
193656	0.203076815	0	62721440	100907	32
182250	0.259736832	1	7320	182226	194
218938	0.158772019	0	35188420	112476	65
182253	0.513671783	1	62990060	100626	5
218943	0.158452792	0	13916400	157044	146
218949	0.295947395	0	62726720	100907	32
218951	0.209853915	0	26887960	139822	120
182260	0.323064542	0	9882600	191642	164
182261	0.886567233	0	780	218951	206
193685	0.254444002	0	2100	218949	205
193696	0.169198622	0	62896160	100793	21
182277	1	0	7680	218938	202
193705	0.293891301	0	14448480	180004	143
193704	0.208660339	0	18300	218886	193
218992	0.239955244	1	31033900	142932	102
193724	0.281387295	0	63011900	100599	1
182298	0.205617162	1	35319160	127026	47
182311	0.237557106	0	11822760	170253	154
193740	0.812425749	0	16380	182261	208
193731	0.839997384	0	22980	182242	198
182317	0.326285612	0	20626980	164940	123
193764	0.254904764	1	12960	193705	212
182332	0.689857989	0	13260	218992	214
182335	0.280871917	0	11830380	170253	154
182338	0.14544114	0	29963740	145064	113
219024	0.214237244	1	61944500	82862	40
193781	0.233985882	0	540	219024	225
182371	0.304005306	1	31439320	133005	98
182376	0.241582679	1	31685380	132556	91
219064	0.143808814	0	31244680	133324	101
182397	0.372143238	1	39420	182335	223
219087	0.252011647	0	35286580	127126	62
182407	0.131562248	1	28740	182371	227
193806	0.860806234	0	12900	182376	228
219110	1	0	15300	182376	228
219119	0.292680315	0	34324120	128305	80
193811	0.186866045	0	82080	218903	195
219128	0.50097684	0	34328080	128292	79
182424	1	0	960	219128	237
182428	0.656457178	1	14879220	155797	128
219151	0.636591777	0	31621240	132740	95
182435	1	0	1680	219151	240
182436	0.193556486	0	4025160	206312	174
219091	0.213239535	1	100500	218859	192
193834	0.264035862	0	12780	182428	239
219223	0.315426182	0	6397920	167886	167
219228	0.612117791	0	62839340	100907	32
182518	0.0991826	1	3967620	172886	175
193820	0.292774464	0	3886800	206885	178
182533	0.229955987	1	35251600	127218	67
193881	0.236095686	0	16260	219228	246
182545	0.303015974	1	29243140	136583	114
182547	0.267269859	1	64800	182436	242
182554	0.33166961	0	44820	219228	246
219267	0.733023023	0	135420	182335	223
219269	0.251067699	1	81540	219151	240
182559	1	0	240	219267	254
219270	0.141436477	0	120360	182371	227
219272	0.60017772	0	137040	182332	222
182560	0.216716723	0	35424280	112220	58
182574	0.283407253	1	101580	182397	230
182579	1	0	7620	219270	257
182580	0.249184883	1	166620	182260	207
182581	0.306368192	1	14971200	155797	128
193905	0.720683364	1	34299400	115569	83
219286	0.538323003	0	35312860	127184	66
193918	0.46380713	0	63010280	81240	23
182600	0.304765062	0	61320	193820	248
193920	0.77880833	0	22200	182554	253
182602	0.128610908	1	186420	182242	198
219321	0.62797752	0	3840	182600	267
193940	0.415351291	0	17700	182580	262
193950	0.685070125	1	16980	193905	264
182630	0.156645955	0	195120	218943	204
182642	0.391374713	0	17580	219321	270
193963	0.370011809	0	8940	182630	273
219462	0.260001815	1	90660	219272	258
219473	0.447889667	0	228300	182332	222
193989	0.538751086	0	53160	182642	274
182749	0.15645108	0	260040	193705	212
182754	0.45382593	1	123300	182547	252
182777	0.28547649	1	35495260	127126	62
194099	0.238857174	0	140400	182574	260
219619	0.316388291	0	306060	193731	219
219625	0.208020335	1	212460	219228	246
182856	0.244805724	0	35617420	112073	53
219650	0.258451499	1	14853420	179850	142
194235	0.442137204	0	45060	182856	285
183058	0.472110179	1	246120	182580	262
220003	0.424955316	1	30355060	145064	113
183083	1	0	4200	220003	289
220036	0.274916839	0	277740	182545	251
183103	0.206711293	0	3360	220036	291
194315	0.251188517	0	412440	182298	216
220090	0.435704578	0	30888040	125426	106
183130	0.819137691	0	5640	220090	294
183135	0.3021272	0	185880	219473	277
183142	0.262765804	0	279420	219272	258
220158	0.52529461	0	3480	183135	296
194412	1	0	15600	183130	295
194414	1	0	11580	183142	297
183179	0.683612326	1	15600	183135	296
220333	0.437027564	0	30962740	125426	106
220414	0.111795617	0	31698280	133324	101
220423	0	1	63529340	80918	0
183314	0.282657788	0	900	220414	303
220428	0.209260026	0	35736460	127126	62
183317	0.272785412	0	15059940	179743	141
194556	0.372711833	0	368640	219269	255
183385	0.330217599	1	545460	182253	203
220530	0.794710025	0	2760	183385	309
183434	1	0	31620	220530	310
220592	0.241469862	1	258420	219625	284
220599	0.186940717	0	35784700	127159	64
194679	0.493632506	1	11595420	171851	158
183498	0.236785847	0	597960	193696	210
183520	1	0	23760	220592	312
183555	0.32340384	0	457320	219272	258
221056	0.361524021	1	289800	220090	294
183783	0.524172143	0	31177960	125426	106
221063	0.474840023	1	560580	219269	255
183789	1	0	900	221063	320
194917	0.575413407	0	18960	221056	318
194923	0.260604599	1	35559520	113481	74
183853	0.289468158	0	351360	220036	291
183879	0	0	63800060	80918	0
221153	0.225585511	1	351840	220158	298
195001	0.247473938	1	269880	194556	308
221183	0.408391818	0	798720	182260	207
183902	1	0	900	221183	328
184058	0.734849193	1	467460	183130	295
221411	0.528948392	1	31373260	144026	105
221534	0.236445236	0	11984640	171851	158
184221	0.273853226	0	15750720	179176	137
195523	0.5391151	0	279720	184058	330
222243	0.306150324	1	408300	221411	331
184819	0.253113671	0	1318800	218949	205
222323	0.119006708	0	1191540	182547	252
184882	0.543764355	0	5640	222323	337
195845	0.281499483	0	23640	222323	337
185000	0.176864349	1	1432620	182242	198
222525	0.235087056	0	1286220	182574	260
185048	1	0	1020	222525	341
185077	0.275425041	1	1334160	182547	252
185290	0.453515012	0	1135500	220158	298
185505	0.396205249	0	1426800	219473	277
223281	0.812913686	0	9720	185505	345
185817	0.413879656	0	1400040	220090	294
223730	0.457122104	0	6360	185817	347
223794	0.346533672	1	29398000	150382	118
225510	0.189480387	1	2400300	219024	225
187485	0.499142351	0	9002400	201040	166
187823	0.169704415	1	2266200	183498	315
226847	0.3940848	0	122700	187823	352
188234	0.126142208	0	1749300	222243	335
227072	0.182945504	0	36174820	129947	85
188238	0.389307683	0	720	227072	355
199164	0.221537476	0	13800	188234	354
188521	0.140189628	0	7172040	206312	174
188649	0.214546666	0	6587280	208219	188
188756	0.450546526	0	14433960	188584	157
188916	0.228582307	1	32498620	136583	114
227881	0.445835912	0	74700	188756	360
188932	0.650299492	0	33863200	125426	106
227896	0.615241214	0	1260	188932	363
199705	0.807407471	0	23460	188932	363
227933	0.147976573	0	2830500	194679	314
228357	0.074930421	0	35435800	121607	88
228711	0.301207999	1	3298920	220090	294
200400	0.580695939	1	38002060	115569	83
190250	0.492619131	0	3300120	194917	322
190549	0.698996762	0	24760920	164940	123
192634	0.259843779	1	2009760	188238	356
192657	0.565789724	1	12960	192634	372
203020	0.973524452	0	11580	192657	373
203040	1	0	27240	192634	372
232031	0.509113898	0	994020	190549	371
194399	0.13650206	1	6477460	182749	279
205980	0.136843197	1	38907800	122481	94
235789	0.22635185	0	42498620	127218	67
195555	0.874317293	0	1860	235789	379
195622	0.650076635	0	38940	205980	378
195647	0.455899768	1	15000	195622	381
195681	0.150328762	0	7427380	193724	215
236676	0.36201755	0	22590160	155811	129
201451	0.503987226	0	40723940	145064	113
201660	0.588871649	1	139080	201451	385
213558	0.360632566	1	10743640	193950	272
213566	0.641666184	0	155760	201451	385
202166	0.471892046	1	23522200	159197	148
202204	0	0	74298360	80918	0
205540	0.294781512	0	13059040	220090	294
221439	0.447634678	0	45380000	132556	91
206090	0.382495612	0	13689940	219272	258
207505	0.218439848	1	46188320	132740	95
207510	0.18997828	1	2220	207505	394
223989	0.244505632	0	46210700	132740	95
223988	0.30748917	0	46297880	132556	91
209094	0	0	78596520	80918	0
209197	0.259493822	0	15110680	220414	303
227394	0.234711686	0	15362500	220158	298
209521	0	0	78847380	80918	0
229074	0.282995513	0	15834700	183555	317
210988	0.407734772	1	16028980	183555	317
211105	0.437326292	0	31440100	164129	135
211183	0.412757362	0	16586860	219223	245
211684	0.195240194	1	31751860	155811	129
263289	0.337227608	0	13757140	190549	371
213591	0.173067722	0	17191780	221056	318
265814	0.22792844	0	18631540	182602	269
217153	0	0	82656180	80918	0
268251	0.35978819	0	15592180	190549	371
239087	0.216351099	0	19046140	221056	318
217459	0.354362607	0	14687380	203020	374
268506	0.470533704	1	85920	268251	411
217872	0.355050414	0	229500	268251	411
218157	0.242136927	0	12777120	235789	379
248067	0.338972494	0	21888160	184221	333
256080	0.250236707	1	37592020	170253	154
