khabarID - tf_idf - agency_match - time_diff - most_similar_id - most_similar_row
155106 0.201618700636 0 3600 162897 Khabaronline 0
162916 0.338681907475 0 7740 155106 Fardanews 1
162929 0.350925715617 1 15900 162897 Khabaronline 0
177436 0.799007541686 0 5280 162916 Khabaronline 2
162959 0.354304429789 1 10080 162929 Khabaronline 3
177460 0.81582992332 0 22800 155106 Fardanews 1
155142 0.951684352245 0 11220 162929 Khabaronline 3
177524 0.474997007876 1 33900 177436 Tabnak 4
163052 0.494319168627 1 70380 162916 Khabaronline 2
163060 0.215731477183 1 73980 162929 Khabaronline 3
155177 0.747444337639 0 73380 177436 Tabnak 4
177588 0.351645233919 0 66000 162959 Khabaronline 5
177586 0.94462115093 1 360 177588 Tabnak 12
155186 0.744437175029 0 2640 163060 Khabaronline 10
177629 0.472613501528 1 46680 177524 Tabnak 8
163088 0.275341901917 0 7500 177629 Tabnak 15
177677 0.320142434454 0 17460 155177 Fardanews 11
177685 0.277989494874 0 82920 162959 Khabaronline 5
163115 0.64938544744 0 1560 177677 Tabnak 17
163113 0.260783790282 0 840 177685 Tabnak 18
163123 0.470534270613 1 1560 163115 Khabaronline 19
163158 0.363191164538 1 98640 162959 Khabaronline 5
155267 0.881101298208 0 13740 163158 Khabaronline 22
177862 0.139505399881 1 132120 177524 Tabnak 8
163251 0.133732003324 1 97320 163060 Khabaronline 10
163349 0.124388612039 1 195960 162916 Khabaronline 2
155408 0.239045178149 0 178260 177524 Tabnak 8
178108 0.224541674302 1 211440 177524 Tabnak 8
178197 0.106757509138 0 91140 163251 Khabaronline 25
163484 0.128306551066 1 189540 163060 Khabaronline 10
163492 0.319774030584 0 3240 178197 Tabnak 29
155531 0.200121640426 0 295440 177524 Tabnak 8
178375 0.988593734412 0 3120 155531 Fardanews 32
178407 0.99690192212 0 11400 155531 Fardanews 32
178455 0.230025998157 0 256200 163123 Khabaronline 21
155579 0.286479055579 0 260760 177677 Tabnak 17
163619 0.563360135026 0 180 155579 Fardanews 36
178479 0.954613512973 0 4860 155579 Fardanews 36
163663 0.774080730196 1 69660 163619 Khabaronline 37
163730 0.226516901795 1 97260 163619 Khabaronline 37
163803 0.195159659882 1 454560 162916 Khabaronline 2
178682 0.600333294843 0 3840 163803 Khabaronline 41
178690 0.779484606573 1 960 178682 Tabnak 42
155676 0.968608825054 0 840 178690 Tabnak 43
178708 0.994549320767 0 1260 155676 Fardanews 44
178947 0.171091593005 1 294840 178108 Tabnak 28
164019 0.185953441436 1 121680 163663 Khabaronline 39
164094 0.220320721647 1 480720 163060 Khabaronline 10
155952 0.177745721191 0 640080 162929 Khabaronline 3
179588 0.179184921424 0 181560 164094 Khabaronline 48
164533 0.744033527637 0 4200 179588 Tabnak 50
164752 0.195759210688 1 760620 163060 Khabaronline 10
156392 0.177191144458 0 997920 162929 Khabaronline 3
156441 0.0887448057199 0 323220 164533 Khabaronline 51
180242 0.970254661532 0 3420 156441 Fardanews 54
181757 0.490756191228 0 1126140 164019 Khabaronline 47
157294 0.878622351294 0 1500 181757 Tabnak 56
181772 0.963591712922 1 1620 181757 Tabnak 56
166277 0.850565976248 0 780 181772 Tabnak 58
181845 0.187483107609 1 13380 181757 Tabnak 56
157317 0.949156965473 0 120 181845 Tabnak 60
181884 0.974846649957 1 4020 181845 Tabnak 60
166355 0.85853513013 0 5040 157317 Fardanews 61
166447 0.290447097101 1 1285020 163803 Khabaronline 41
181979 0.712283546345 0 13980 166447 Khabaronline 64
167556 0.292965418802 1 1447980 164752 Khabaronline 52
167838 0.855958718436 1 100500 167556 Khabaronline 66
158302 0.836174737968 0 18300 167838 Khabaronline 67
168049 0.194796587448 1 2206260 163492 Khabaronline 31
168050 0.943416630334 1 300 168049 Khabaronline 69
168101 0.333935428767 1 240900 167556 Khabaronline 66
168805 0.253124988252 1 1216260 166277 Khabaronline 59
184908 0.813185437112 0 1260 168805 Khabaronline 72
160655 0.212772259534 0 2476140 166447 Khabaronline 64
188456 0.997646776547 0 6420 160655 Fardanews 74
171570 0.52503179591 0 11400 188456 Tabnak 75
188521 0.738274841799 0 660 171570 Khabaronline 76
188575 0.88064448386 1 17880 188456 Tabnak 75
188618 0.494930979607 1 73920 188456 Tabnak 75
191437 0.352557405579 1 1197900 188456 Tabnak 75
191592 0.161759617228 0 4886880 164094 Khabaronline 48
162314 0.890150842412 0 1080 191592 Tabnak 81
174206 0.376502565431 0 5446560 177436 Tabnak 4
162342 0.284219248884 1 14280 162314 Fardanews 82
191638 0.812154244519 0 15840 162314 Fardanews 82
162400 0.451382580271 0 1218600 188618 Tabnak 79
174433 0.146201840942 1 5459460 163115 Khabaronline 19
191927 0.284374586906 0 5434020 155267 Fardanews 23
174446 0.461814530518 1 126900 174206 Khabaronline 83
162514 0.261224405306 1 140940 162314 Fardanews 82
162515 0.225325438572 0 168300 191437 Tabnak 80
191934 0.901797419515 0 2040 162514 Fardanews 90
191959 0.930991322263 1 2820 191934 Tabnak 92
191964 0.998884730735 0 5280 162515 Fardanews 91
174465 0.484005912338 0 1440 191964 Tabnak 94
175108 0.177723511545 1 4177020 166447 Khabaronline 64
163005 0.81711628013 0 5220 175108 Khabaronline 96
192814 0.999397548002 0 9480 163005 Fardanews 97
163057 0.804461456731 1 46200 163005 Fardanews 97
192888 0.984535452252 1 46980 192814 Tabnak 98
163088 0.256564586773 1 57660 163005 Fardanews 97
192969 0.978804809038 0 13140 163088 Fardanews 101
