khabarID - tf_idf - agency_match - time_diff - most_similar_id - most_similar_row
104223 0.464898452736 0 2340 87270 tabnak 0
87281 0.0139598254022 0 360 104223 fardaNews 1
87332 0.084677257238 0 11160 104223 fardaNews 1
104271 0.0699933810906 0 16440 87281 tabnak 2
87369 0.106293314473 0 17100 104223 fardaNews 1
87379 0.0901275260803 0 20040 104223 fardaNews 1
87398 0.341923313241 1 12000 87332 tabnak 3
87405 0.0167824763061 1 7020 87369 tabnak 5
104296 0.250943675415 0 15660 87332 tabnak 3
104298 0.0635940594796 1 28020 104223 fardaNews 1
87430 0.251477818734 1 33960 87270 tabnak 0
87427 0.0755972428659 0 17340 104271 fardaNews 4
104310 0.621326967013 0 24360 87405 tabnak 8
104312 0.118760180551 1 35040 104271 fardaNews 4
104327 0.184858419435 1 87900 104223 fardaNews 1
87481 1.0 0 1440 104327 fardaNews 15
104350 0.148752317971 0 62400 87430 tabnak 11
104355 0.158778059071 1 720 104350 fardaNews 17
104359 0.0713857302601 1 95520 104223 fardaNews 1
104364 0.13848737533 1 1860 104355 fardaNews 18
104374 0.0 0 101160 87270 tabnak 0
104378 0.523647205482 0 65040 87427 tabnak 12
87502 0.109275256062 1 88440 87332 tabnak 3
104380 0.150295264199 1 99960 104223 fardaNews 1
87522 0.025117698245 0 12540 104327 fardaNews 15
87545 0.178919385597 1 98160 87332 tabnak 3
104433 0.0513114048073 1 131580 104223 fardaNews 1
104436 0.215489586522 0 33120 87502 tabnak 23
87574 1.0 0 37860 104436 fardaNews 28
87579 0.018758835535 0 84360 104327 fardaNews 15
104455 0.194784757906 0 155580 87379 tabnak 6
104404 0.0950492565221 0 161220 87369 tabnak 5
104469 0.0878671624719 1 87840 104355 fardaNews 18
104477 0.182031829226 0 170460 87369 tabnak 5
87620 0.266553367963 0 94560 104378 fardaNews 22
87632 0.0903498322627 0 9900 104477 fardaNews 34
87649 0.0763328433646 0 179640 104350 fardaNews 17
87658 0.355721381464 0 200940 104350 fardaNews 17
104513 0.563247239245 0 6960 87658 tabnak 38
87705 0.168993159243 1 314520 87427 tabnak 12
87712 0.54653537255 1 333300 87369 tabnak 5
87683 0.105409470223 0 180120 104455 fardaNews 31
104608 0.143361560995 0 16860 87712 tabnak 41
87782 0.231549246388 1 359940 87369 tabnak 5
87775 0.177749608565 0 216000 104404 fardaNews 32
87847 0.431733640453 1 419400 87332 tabnak 3
104653 0.0 0 436920 87270 tabnak 0
87886 0.793573377138 0 2220 104653 fardaNews 47
104658 0.224243476923 0 142380 87658 tabnak 38
104678 0.265338921122 1 418500 104296 fardaNews 9
87931 0.453825496825 0 143700 104513 fardaNews 39
88029 0.214713009517 1 32640 87931 tabnak 51
88224 0.140834972794 1 220980 87712 tabnak 41
88225 0.875227597586 1 1380 88224 tabnak 53
104870 0.410414472289 0 8220 88224 tabnak 53
88230 0.261134841415 0 602640 104223 fardaNews 1
88234 0.186653864939 1 253620 87712 tabnak 41
104883 1.0 0 2400 88230 tabnak 56
104970 0.277645205224 1 213300 104658 fardaNews 49
88490 0.196439236403 1 273060 87886 tabnak 48
88590 0.0228689417909 1 361020 87931 tabnak 51
88763 0.230387370302 0 852480 104359 fardaNews 19
105206 0.435609743273 0 684300 87649 tabnak 37
105228 0.104495859006 0 21780 88763 tabnak 62
88889 0.16357167533 1 578820 87775 tabnak 45
89070 0.237270951331 1 966240 87522 tabnak 25
105674 0.325201227844 1 661260 104970 fardaNews 59
89563 1.0 0 2220 105674 fardaNews 67
106826 0.207442337041 1 2594920 104870 fardaNews 55
91369 0.830982363986 0 7680 106826 fardaNews 69
93354 0.0254065193792 1 3926380 87931 tabnak 51
93362 1.0 1 2760 93354 tabnak 71
94215 0.349588670974 0 3598360 105674 fardaNews 67
108413 0.43224067477 0 1680 94215 tabnak 73
108722 0.0 0 5262940 87270 tabnak 0
94921 0.0 1 5278840 87270 tabnak 0
96175 0.19406772815 1 4923460 88889 tabnak 65
99426 0.234845899782 1 7073320 87683 tabnak 42
100271 0.180051807527 0 7712080 104327 fardaNews 15
111210 0.236446403109 1 7730200 104350 fardaNews 17
100369 0.50237536654 0 2040 111210 fardaNews 80
111477 0.0936705585889 1 7455940 104970 fardaNews 59
101020 0.270986174474 0 12000 111477 fardaNews 82
101865 0.509276536112 1 3589380 94215 tabnak 73
101947 0.2767577564 0 8425660 104350 fardaNews 17
111958 1.0 0 3600 101947 tabnak 85
104800 0.400289812681 1 2072460 100271 tabnak 79
105133 0.215143567605 1 9687040 87782 tabnak 44
113538 0.245615392637 0 10082740 87398 tabnak 7
105254 0.245117212175 1 2329020 100271 tabnak 79
113540 0.121383629087 0 9781060 87712 tabnak 41
113547 0.311139806781 1 10034200 104378 fardaNews 22
113553 0.60085851558 1 10048300 104327 fardaNews 15
105329 0.697817283955 0 8460 113547 fardaNews 92
105360 0.303461418706 1 7200 105329 tabnak 94
105417 0.667886391351 0 10150420 104271 fardaNews 4
113712 0.215447978441 0 4342140 96175 tabnak 77
105517 0.0287525502125 1 9796600 87931 tabnak 51
105664 0.304635932542 0 9847120 104653 fardaNews 47
105853 0.169333619476 0 9475420 105228 fardaNews 64
114030 0.133373464378 1 345780 113538 fardaNews 89
106172 0.117285915378 0 10525120 104455 fardaNews 31
115703 0.141983551758 0 1590480 106172 tabnak 102
109151 0.186392023043 1 11392840 88763 tabnak 62
115739 0.397303797041 1 56940 115703 fardaNews 103
109165 0.385181917327 1 2216400 105329 tabnak 94
109168 0.395943596064 0 15660 115739 fardaNews 105
121236 0.150532994658 0 7903620 113553 fardaNews 93
