1141599
163323
1141618
1141631
943361
1141659
943385
163358
943445
1141744
1141752
163393
943508
943506
163402
943549
1141775
943593
943601
1141800
1141798
1141806
1141838
163472
943776
1141920
1142008
163595
944012
944099
1142134
1142140
163703
944271
944301
944346
163749
1142253
944367
1142294
1142295
1142358
1142425
944561
944569
163832
944587
944820
1142618
1142686
164068
945427
1143086
1143280
164463
164503
946060
947514
165257
947529
1144651
947598
165279
947637
1144720
1144804
947728
1145553
1145808
166134
1146264
1146265
1146313
1146971
950538
168189
953969
1149505
954031
954083
954124
956850
956998
169624
1151657
169650
957043
169698
1151875
957321
1151888
169795
169796
957327
957352
957357
1151903
1152844
170227
958180
170269
958252
170298
958329